
   1    15.00       14.86       14.73       14.59       14.45       14.32       14.18       14.04       13.90       13.77    
        13.63       13.49       13.29       13.01       12.74       12.47       12.19       11.92       11.64       11.37    
        11.10       10.82       10.55       10.27       10.00    
   2    15.00       14.86       14.73       14.59       14.45       14.32       14.18       14.04       13.90       13.77    
        13.63       13.49       13.29       13.01       12.74       12.47       12.19       11.92       11.64       11.37    
        11.10       10.82       10.55       10.27       10.00    
   3    15.00       14.86       14.73       14.59       14.45       14.32       14.18       14.04       13.90       13.77    
        13.63       13.49       13.29       13.01       12.74       12.47       12.19       11.92       11.64       11.37    
        11.10       10.82       10.55       10.27       10.00    
   4    15.00       14.86       14.73       14.59       14.45       14.32       14.18       14.04       13.90       13.77    
        13.63       13.49       13.29       13.01       12.74       12.47       12.19       11.92       11.64       11.37    
        11.10       10.82       10.55       10.27       10.00    
   5    15.00       14.86       14.73       14.59       14.45       14.32       14.18       14.04       13.90       13.77    
        13.63       13.49       13.29       13.01       12.74       12.47       12.19       11.92       11.64       11.37    
        11.10       10.82       10.55       10.27       10.00    
   6    15.00       14.86       14.73       14.59       14.45       14.32       14.18       14.04       13.90       13.77    
        13.63       13.49       13.29       13.01       12.74       12.47       12.19       11.92       11.64       11.37    
        11.10       10.82       10.55       10.27       10.00    
   7    15.00       14.86       14.73       14.59       14.45       14.32       14.18       14.04       13.90       13.77    
        13.63       13.49       13.29       13.01       12.74       12.47       12.19       11.92       11.64       11.37    
        11.10       10.82       10.55       10.27       10.00    
   8    15.00       14.86       14.73       14.59       14.45       14.32       14.18       14.04       13.90       13.77    
        13.63       13.49       13.29       13.01       12.74       12.47       12.19       11.92       11.64       11.37    
        11.10       10.82       10.55       10.27       10.00    
   9    15.00       14.86       14.73       14.59       14.45       14.32       14.18       14.04       13.90       13.77    
        13.63       13.49       13.29       13.01       12.74       12.47       12.19       11.92       11.64       11.37    
        11.10       10.82       10.55       10.27       10.00    
  10    15.00       14.86       14.73       14.59       14.45       14.32       14.18       14.04       13.90       13.77    
        13.63       13.49       13.29       13.01       12.74       12.47       12.19       11.92       11.64       11.37    
        11.10       10.82       10.55       10.27       10.00    
  11    15.00       14.86       14.73       14.59       14.45       14.32       14.18       14.04       13.90       13.77    
        13.63       13.49       13.29       13.01       12.74       12.47       12.19       11.92       11.64       11.37    
        11.10       10.82       10.55       10.27       10.00    
  12    15.00       14.86       14.73       14.59       14.45       14.32       14.18       14.04       13.90       13.77    
        13.63       13.49       13.29       13.01       12.74       12.47       12.19       11.92       11.64       11.37    
        11.10       10.82       10.55       10.27       10.00    
  13    15.00       14.86       14.73       14.59       14.45       14.32       14.18       14.04       13.90       13.77    
        13.63       13.49       13.29       13.01       12.74       12.47       12.19       11.92       11.64       11.37    
        11.10       10.82       10.55       10.27       10.00    
  14    15.00       14.86       14.73       14.59       14.45       14.32       14.18       14.04       13.90       13.77    
        13.63       13.49       13.29       13.01       12.74       12.47       12.19       11.92       11.64       11.37    
        11.10       10.82       10.55       10.27       10.00    
  15    15.00       14.86       14.73       14.59       14.45       14.32       14.18       14.04       13.90       13.77    
        13.63       13.49       13.29       13.01       12.74       12.47       12.19       11.92       11.64       11.37    
        11.10       10.82       10.55       10.27       10.00    
  16    15.00       14.86       14.73       14.59       14.45       14.32       14.18       14.04       13.90       13.77    
        13.63       13.49       13.29       13.01       12.74       12.47       12.19       11.92       11.64       11.37    
        11.10       10.82       10.55       10.27       10.00    
  17    15.00       14.86       14.73       14.59       14.45       14.32       14.18       14.04       13.90       13.77    
        13.63       13.49       13.29       13.01       12.74       12.47       12.19       11.92       11.64       11.37    
        11.10       10.82       10.55       10.27       10.00    
  18    15.00       14.86       14.73       14.59       14.45       14.32       14.18       14.04       13.90       13.77    
        13.63       13.49       13.29       13.01       12.74       12.47       12.19       11.92       11.64       11.37    
        11.10       10.82       10.55       10.27       10.00    
  19    15.00       14.86       14.73       14.59       14.45       14.32       14.18       14.04       13.90       13.77    
        13.63       13.49       13.29       13.01       12.74       12.47       12.19       11.92       11.64       11.37    
        11.10       10.82       10.55       10.27       10.00    
  20    15.00       14.86       14.73       14.59       14.45       14.32       14.18       14.04       13.90       13.77    
        13.63       13.49       13.29       13.01       12.74       12.47       12.19       11.92       11.64       11.37    
        11.10       10.82       10.55       10.27       10.00    
  21    15.00       14.86       14.73       14.59       14.45       14.32       14.18       14.04       13.90       13.77    
        13.63       13.49       13.29       13.01       12.74       12.47       12.19       11.92       11.64       11.37    
        11.10       10.82       10.55       10.27       10.00    
  22    15.00       14.86       14.73       14.59       14.45       14.32       14.18       14.04       13.90       13.77    
        13.63       13.49       13.29       13.01       12.74       12.47       12.19       11.92       11.64       11.37    
        11.10       10.82       10.55       10.27       10.00    
  23    15.00       14.86       14.73       14.59       14.45       14.32       14.18       14.04       13.90       13.77    
        13.63       13.49       13.29       13.01       12.74       12.47       12.19       11.92       11.64       11.37    
        11.10       10.82       10.55       10.27       10.00    
  24    15.00       14.86       14.73       14.59       14.45       14.32       14.18       14.04       13.90       13.77    
        13.63       13.49       13.29       13.01       12.74       12.47       12.19       11.92       11.64       11.37    
        11.10       10.82       10.55       10.27       10.00    
  25    15.00       14.86       14.73       14.59       14.45       14.32       14.18       14.04       13.90       13.77    
        13.63       13.49       13.29       13.01       12.74       12.47       12.19       11.92       11.64       11.37    
        11.10       10.82       10.55       10.27       10.00    

 HEAD WILL BE SAVED ON UNIT   51 AT END OF TIME STEP    1, STRESS PERIOD    1
1
  VOLUMETRIC BUDGET FOR ENTIRE MODEL AT END OF TIME STEP    1, STRESS PERIOD   1
  ------------------------------------------------------------------------------

     CUMULATIVE VOLUMES      L**3       RATES FOR THIS TIME STEP      L**3/T
     ------------------                 ------------------------

           IN:                                      IN:
           ---                                      ---
             STORAGE =           0.0000               STORAGE =           0.0000
       CONSTANT HEAD =          68.4931         CONSTANT HEAD =          68.4931

            TOTAL IN =          68.4931              TOTAL IN =          68.4931

          OUT:                                     OUT:
          ----                                     ----
             STORAGE =           0.0000               STORAGE =           0.0000
       CONSTANT HEAD =          68.4931         CONSTANT HEAD =          68.4931

           TOTAL OUT =          68.4931             TOTAL OUT =          68.4931

            IN - OUT =      -7.6294E-06              IN - OUT =      -7.6294E-06

 PERCENT DISCREPANCY =          -0.00     PERCENT DISCREPANCY =          -0.00






         TIME SUMMARY AT END OF TIME STEP    1 IN STRESS PERIOD    1
                    SECONDS     MINUTES      HOURS       DAYS        YEARS
                    -----------------------------------------------------------
   TIME STEP LENGTH  86400.      1440.0      24.000      1.0000     2.73785E-03
 STRESS PERIOD TIME  86400.      1440.0      24.000      1.0000     2.73785E-03
         TOTAL TIME  86400.      1440.0      24.000      1.0000     2.73785E-03
1

 Run end date and time (yyyy/mm/dd hh:mm:ss): 2021/01/24  7:50:52
 Elapsed run time:  0.051 Seconds

