   1    15.00       14.79       14.58       14.38       14.17       13.96       13.75       13.54       13.33       13.13    
        12.92       12.71       12.50       12.29       12.08       11.87       11.67       11.46       11.25       11.04    
        10.83       10.62       10.42       10.21       10.00    
   2    15.00       14.79       14.58       14.38       14.17       13.96       13.75       13.54       13.33       13.13    
        12.92       12.71       12.50       12.29       12.08       11.87       11.67       11.46       11.25       11.04    
        10.83       10.62       10.42       10.21       10.00    
   3    15.00       14.79       14.58       14.38       14.17       13.96       13.75       13.54       13.33       13.13    
        12.92       12.71       12.50       12.29       12.08       11.87       11.67       11.46       11.25       11.04    
        10.83       10.62       10.42       10.21       10.00    
   4    15.00       14.79       14.58       14.38       14.17       13.96       13.75       13.54       13.33       13.13    
        12.92       12.71       12.50       12.29       12.08       11.87       11.67       11.46       11.25       11.04    
        10.83       10.62       10.42       10.21       10.00    
   5    15.00       14.79       14.58       14.38       14.17       13.96       13.75       13.54       13.33       13.13    
        12.92       12.71       12.50       12.29       12.08       11.87       11.67       11.46       11.25       11.04    
        10.83       10.62       10.42       10.21       10.00    
   6    15.00       14.79       14.58       14.38       14.17       13.96       13.75       13.54       13.34       13.13    
        12.92       12.71       12.50       12.29       12.08       11.87       11.66       11.46       11.25       11.04    
        10.83       10.62       10.42       10.21       10.00    
   7    15.00       14.79       14.59       14.38       14.17       13.96       13.76       13.55       13.34       13.13    
        12.92       12.71       12.50       12.29       12.08       11.87       11.66       11.45       11.24       11.04    
        10.83       10.62       10.41       10.21       10.00    
   8    15.00       14.79       14.59       14.38       14.18       13.97       13.76       13.56       13.35       13.14    
        12.92       12.71       12.50       12.29       12.08       11.86       11.65       11.44       11.24       11.03    
        10.82       10.62       10.41       10.21       10.00    
   9    15.00       14.80       14.60       14.39       14.19       13.99       13.78       13.57       13.36       13.15    
        12.94       12.72       12.50       12.28       12.06       11.85       11.64       11.43       11.22       11.01    
        10.81       10.61       10.40       10.20       10.00    
  10    15.00       14.80       14.61       14.41       14.21       14.02       13.82       13.61       13.41       13.19    
        12.97       12.73       12.50       12.27       12.03       11.81       11.59       11.39       11.18       10.98    
        10.79       10.59       10.39       10.20       10.00    
  11    15.00       14.81       14.62       14.44       14.25       14.06       13.88       13.70       13.52       13.35    
        13.11       12.80       12.50       12.20       11.89       11.65       11.48       11.30       11.12       10.94    
        10.75       10.56       10.38       10.19       10.00    
  12    15.00       14.82       14.63       14.45       14.27       14.09       13.91       13.74       13.57       13.40    
        13.15       12.82       12.50       12.18       11.85       11.60       11.43       11.26       11.09       10.91    
        10.73       10.55       10.37       10.18       10.00    
  13    15.00       14.82       14.64       14.46       14.28       14.10       13.92       13.75       13.58       13.41    
        13.16       12.83       12.50       12.17       11.84       11.59       11.42       11.25       11.08       10.90    
        10.72       10.54       10.36       10.18       10.00    
  14    15.00       14.82       14.63       14.45       14.27       14.09       13.91       13.74       13.57       13.40    
        13.15       12.82       12.50       12.18       11.85       11.60       11.43       11.26       11.09       10.91    
        10.73       10.55       10.37       10.18       10.00    
  15    15.00       14.81       14.62       14.44       14.25       14.06       13.88       13.70       13.52       13.35    
        13.11       12.80       12.50       12.20       11.89       11.65       11.48       11.30       11.12       10.94    
        10.75       10.56       10.38       10.19       10.00    
  16    15.00       14.80       14.61       14.41       14.21       14.02       13.82       13.61       13.41       13.19    
        12.97       12.73       12.50       12.27       12.03       11.81       11.59       11.39       11.18       10.98    
        10.79       10.59       10.39       10.20       10.00    
  17    15.00       14.80       14.60       14.39       14.19       13.99       13.78       13.57       13.36       13.15    
        12.94       12.72       12.50       12.28       12.06       11.85       11.64       11.43       11.22       11.01    
        10.81       10.61       10.40       10.20       10.00    
  18    15.00       14.79       14.59       14.38       14.18       13.97       13.76       13.56       13.35       13.14    
        12.92       12.71       12.50       12.29       12.08       11.86       11.65       11.44       11.24       11.03    
        10.82       10.62       10.41       10.21       10.00    
  19    15.00       14.79       14.59       14.38       14.17       13.96       13.76       13.55       13.34       13.13    
        12.92       12.71       12.50       12.29       12.08       11.87       11.66       11.45       11.24       11.04    
        10.83       10.62       10.41       10.21       10.00    
  20    15.00       14.79       14.58       14.38       14.17       13.96       13.75       13.54       13.34       13.13    
        12.92       12.71       12.50       12.29       12.08       11.87       11.66       11.46       11.25       11.04    
        10.83       10.62       10.42       10.21       10.00    
  21    15.00       14.79       14.58       14.38       14.17       13.96       13.75       13.54       13.33       13.13    
        12.92       12.71       12.50       12.29       12.08       11.87       11.67       11.46       11.25       11.04    
        10.83       10.62       10.42       10.21       10.00    
  22    15.00       14.79       14.58       14.38       14.17       13.96       13.75       13.54       13.33       13.13    
        12.92       12.71       12.50       12.29       12.08       11.87       11.67       11.46       11.25       11.04    
        10.83       10.62       10.42       10.21       10.00    
  23    15.00       14.79       14.58       14.38       14.17       13.96       13.75       13.54       13.33       13.13    
        12.92       12.71       12.50       12.29       12.08       11.87       11.67       11.46       11.25       11.04    
        10.83       10.62       10.42       10.21       10.00    
  24    15.00       14.79       14.58       14.38       14.17       13.96       13.75       13.54       13.33       13.13    
        12.92       12.71       12.50       12.29       12.08       11.87       11.67       11.46       11.25       11.04    
        10.83       10.62       10.42       10.21       10.00    
  25    15.00       14.79       14.58       14.38       14.17       13.96       13.75       13.54       13.33       13.13    
        12.92       12.71       12.50       12.29       12.08       11.87       11.67       11.46       11.25       11.04    
        10.83       10.62       10.42       10.21       10.00    

 HEAD WILL BE SAVED ON UNIT   51 AT END OF TIME STEP    1, STRESS PERIOD    1
1
  VOLUMETRIC BUDGET FOR ENTIRE MODEL AT END OF TIME STEP    1, STRESS PERIOD   1
  ------------------------------------------------------------------------------

     CUMULATIVE VOLUMES      L**3       RATES FOR THIS TIME STEP      L**3/T
     ------------------                 ------------------------

           IN:                                      IN:
           ---                                      ---
             STORAGE =           0.0000               STORAGE =           0.0000
       CONSTANT HEAD =          50.4200         CONSTANT HEAD =          50.4200

            TOTAL IN =          50.4200              TOTAL IN =          50.4200

          OUT:                                     OUT:
          ----                                     ----
             STORAGE =           0.0000               STORAGE =           0.0000
       CONSTANT HEAD =          50.4200         CONSTANT HEAD =          50.4200

           TOTAL OUT =          50.4200             TOTAL OUT =          50.4200

            IN - OUT =      -3.8147E-06              IN - OUT =      -3.8147E-06

 PERCENT DISCREPANCY =          -0.00     PERCENT DISCREPANCY =          -0.00






         TIME SUMMARY AT END OF TIME STEP    1 IN STRESS PERIOD    1
                    SECONDS     MINUTES      HOURS       DAYS        YEARS
                    -----------------------------------------------------------
   TIME STEP LENGTH  86400.      1440.0      24.000      1.0000     2.73785E-03
 STRESS PERIOD TIME  86400.      1440.0      24.000      1.0000     2.73785E-03
         TOTAL TIME  86400.      1440.0      24.000      1.0000     2.73785E-03
1

 Run end date and time (yyyy/mm/dd hh:mm:ss): 2021/01/24  8:08:15
 Elapsed run time:  0.027 Seconds

